cam0:
  T_cam_imu:
  - [-0.08408111890742742, -0.9960984788103229, -0.02679899167946961, 0.04479369286657575]
  - [0.9963498922995513, -0.0844393301122407, 0.012525639499406719, 0.017429964015559494]
  - [-0.014739659356583449, -0.025648002689434925, 0.9995623654380427, -0.008515976150586862]
  - [0.0, 0.0, 0.0, 1.0]
  cam_overlaps: []
  camera_model: pinhole
  distortion_coeffs: [-0.05242378016082595, -0.005452250979470613, -0.002750824731857844,
    0.001176879627814984]
  distortion_model: equidistant
  intrinsics: [393.01620151949186, 392.35754010306675, 360.133022189131, 239.82750356152488]
  resolution: [752, 480]
  rostopic: /uvc_camera/cam_0/image_raw
cam1:
  T_cam_imu:
  - [0.9996318198325032, -0.008930485458513018, -0.025621694085903285, -0.03360089532815607]
  - [0.025343025375257167, -0.030032942880376667, 0.9992275783858109, 0.030203489020421376]
  - [-0.009693082233500086, -0.9995090138520102, -0.029795559826848173, -0.04864993999452485]
  - [0.0, 0.0, 0.0, 1.0]
  cam_overlaps: []
  camera_model: pinhole
  distortion_coeffs: [-0.05775660779258553, -0.016321098687079805, 0.010851033712369944,
    -0.003727782103089848]
  distortion_model: equidistant
  intrinsics: [399.3480570111828, 398.3491316285275, 386.46344514949317, 249.82118871166142]
  resolution: [752, 480]
  rostopic: /uvc_camera/cam_1/image_raw
cam2:
  T_cam_imu:
  - [-0.014335233107286627, -0.9998565560354433, 0.009020445926071874, 0.045133886593555224]
  - [0.0014261615362032298, -0.009041809365503639, -0.9999581049957411, -0.008250822703834645]
  - [0.9998962281932238, -0.014321767919615314, 0.0015555734069045424, -0.026038027580066486]
  - [0.0, 0.0, 0.0, 1.0]
  cam_overlaps: []
  camera_model: pinhole
  distortion_coeffs: [-0.06456227781767035, -0.013988324416174668, 0.016058120497332448,
    -0.007586776661876683]
  distortion_model: equidistant
  intrinsics: [401.6472159834467, 400.20768312959996, 364.5763065095566, 237.33091443088992]
  resolution: [752, 480]
  rostopic: /uvc_camera/cam_2/image_raw
cam3:
  T_cam_imu:
  - [-0.005018093185921224, 0.9992645940012366, 0.03801433829911055, -0.04238657606191231]
  - [0.004042825346933565, 0.03803477912356312, -0.9992682378321819, -0.0075742965840363006]
  - [-0.9999792369364424, -0.00486073580475066, -0.0042307142948694865, -0.06461910888733008]
  - [0.0, 0.0, 0.0, 1.0]
  cam_overlaps: []
  camera_model: pinhole
  distortion_coeffs: [-0.05606253878969147, -0.014037695708003596, 0.006384058502673369,
    -0.001519392296560513]
  distortion_model: equidistant
  intrinsics: [398.9944782000244, 398.0805787425024, 364.4159902096, 275.47777743169365]
  resolution: [752, 480]
  rostopic: /uvc_camera/cam_3/image_raw
cam4:
  T_cam_imu:
  - [-0.9997974682265937, 0.017982575329980252, 0.00903601196300318, 0.03350202332038546]
  - [0.008860893124254645, -0.009794219283195392, 0.9999127751167467, 0.02522916124620373]
  - [0.01806950748455773, 0.9997903281454241, 0.009632893964497026, -0.04929900189157067]
  - [0.0, 0.0, 0.0, 1.0]
  cam_overlaps: []
  camera_model: pinhole
  distortion_coeffs: [-0.058690582862360736, -0.004194002012911134, -0.0014205680884277923,
    0.00032045972552648583]
  distortion_model: equidistant
  intrinsics: [400.1030703837698, 399.06815731220064, 371.4006422531301, 248.04717800715062]
  resolution: [752, 480]
  rostopic: /uvc_camera/cam_4/image_raw


