image_width: 752
image_height: 480
camera_name: cam2
camera_matrix:
  rows: 3
  cols: 3
  data: [401.647215983, 0.0, 364.57630651, 0.0, 400.20768313, 237.330914431, 0.0, 0.0, 1.0]
distortion_model: equidistant
distortion_coefficients:
  rows: 1
  cols: 4
  data: [-0.0645622778177, -0.0139883244162, 0.0160581204973, -0.00758677666188]

