###### Camera Calibration File For Cam 0 of Euroc Datasets ######
image_width: 752
image_height: 480
camera_name: cam0
camera_matrix:
  rows: 3
  cols: 3
  data: [458.654, 0.0, 367.215, 0.0, 457.296, 248.375, 0.0, 0.0, 1.0]
distortion_model: plumb_bob
distortion_coefficients:
  rows: 1
  cols: 5
data: [-0.28340811, 0.07395907, 0.00019359, 1.76187114e-05, 0.0]
