image_width: 640
image_height: 480
camera_name: camr
camera_matrix:
  rows: 3
  cols: 3
  data: [618.293701172, 0.0, 323.747528076, 0.0, 618.570556641, 239.608337402, 0.0, 0.0, 1.0]
distortion_model: plumb_bob
distortion_coefficients:
  rows: 1
  cols: 5
  data: [0.0, 0.0, 0.0, 0.0, 0.0]

