image_width: 752
image_height: 480
camera_name: cam0
camera_matrix:
  rows: 3
  cols: 3
  data: [470.3492376936415, 0.0, 369.1539326770507, 0.0, 468.5354540935562, 243.7389899263136, 0.0, 0.0, 1.0]
distortion_model: equidistant
distortion_coefficients:
  rows: 1
  cols: 4
  data:  [-0.0028217288073635748, 0.01424046033816201, -0.017070691627755135,
    0.01198286934702205]
rectification_matrix:
  rows: 3
  cols: 3
  data: [0.9999662253908055, 0.0012167240196736123, -0.008128201543077645, -0.00123142707670882, 0.9999976143402003, -0.0018041344913520734, 0.008125987018183612, 0.0018140828448797777, 0.9999653381184831]
projection_matrix:
  rows: 3
  cols: 4
  data:  [431.8121136491133, 0.0, 395.5353126525879, 0.0, 0.0, 431.8121136491133, 235.97241592407227, 0.0, 0.0, 0.0, 1.0, 0.0]
