###### Camera Calibration File For the RealSense D435 given by Intel ######
image_width: 640
image_height: 480
camera_name: camera ## RealSense D435 rgb module
camera_matrix:
  rows: 3
  cols: 3
  data: [618.293701171875, 0.0 , 323.7475280761719, 0.0, 618.570556640625, 239.60833740234375,  0.0, 0.0, 1.0]
distortion_model: equidistant
distortion_coefficients:
  rows: 1
  cols: 4
  data:  [0, 0, 0, 0]