###### Camera Calibration File For Cam 0 of Euroc Datasets ######
image_width: 640
image_height: 480
camera_name: camera ## RealSense D415 rgb module
camera_matrix:
  rows: 3
  cols: 3
  data: [616.1016235351562, 0.0 , 319.61151123046875, 0.0, 615.8966064453125, 232.68994140625,  0.0, 0.0, 1.0]
distortion_model: equidistant
distortion_coefficients:
  rows: 1
  cols: 4
  data:  [0, 0, 0, 0]