###### Camera Calibration File For Cam 0 of Euroc Datasets ######
image_width: 640
image_height: 480
camera_name: camera ## RealSense D415 rgb module
camera_matrix:
  rows: 3
  cols: 3
  data: [602.6682976548108, 0.0 , 323.09018740329157, 0.0, 603.0133127786867, 228.72219305730522,  0.0, 0.0, 1.0]
distortion_model: equidistant
distortion_coefficients:
  rows: 1
  cols: 4
  data:  [0.1043930758106389, -0.2434771945266034, -0.0013695830857340307,
    0.0017089625472838964]